               user     system      total        real
strftime:  0.210000   0.000000   0.210000 (  0.204744)
stamp0:    1.310000   0.000000   1.310000 (  1.311113)
stamp1:    1.310000   0.000000   1.310000 (  1.316492)
stamp2:    1.320000   0.000000   1.320000 (  1.314476)
stamp3:    1.300000   0.000000   1.300000 (  1.304109)
stamp4:    1.310000   0.000000   1.310000 (  1.311588)
